Summary of runs (sorted by test_acc desc):

resnet_b_base_run1_s42: test_acc=0.7800, best_val_loss=0.6757, best_epoch=36
resnet_b_base_run3_s44: test_acc=0.7567, best_val_loss=0.8978, best_epoch=148
resnet_b_base_run5_s46: test_acc=0.7500, best_val_loss=0.7764, best_epoch=20
resnet_b_base_run4_s45: test_acc=0.7433, best_val_loss=0.7668, best_epoch=19
resnet_b_base_run2_s43: test_acc=0.7400, best_val_loss=0.8366, best_epoch=33

Best overall:
{'run_name': 'resnet_b_base_run1_s42', 'best_val_loss': 0.6757110691070557, 'best_epoch': 36, 'test_acc': np.float64(0.78), 'report': '                  precision    recall  f1-score   support\n\n        airplane     0.4000    0.6667    0.5000         6\n       breathing     0.8000    0.6667    0.7273         6\n  brushing_teeth     0.7143    0.8333    0.7692         6\n     can_opening     0.7500    1.0000    0.8571         6\n        car_horn     0.5714    0.6667    0.6154         6\n             cat     0.7500    0.5000    0.6000         6\n        chainsaw     1.0000    0.8333    0.9091         6\n  chirping_birds     0.6250    0.8333    0.7143         6\n    church_bells     0.8000    0.6667    0.7273         6\n        clapping     1.0000    1.0000    1.0000         6\n     clock_alarm     1.0000    0.3333    0.5000         6\n      clock_tick     1.0000    0.8333    0.9091         6\n        coughing     0.8000    0.6667    0.7273         6\n             cow     0.8571    1.0000    0.9231         6\n  crackling_fire     0.8333    0.8333    0.8333         6\n        crickets     0.7143    0.8333    0.7692         6\n            crow     0.6667    0.6667    0.6667         6\n     crying_baby     0.8571    1.0000    0.9231         6\n             dog     0.7143    0.8333    0.7692         6\ndoor_wood_creaks     1.0000    0.6667    0.8000         6\n door_wood_knock     1.0000    1.0000    1.0000         6\ndrinking_sipping     0.6667    0.6667    0.6667         6\n          engine     0.5000    0.5000    0.5000         6\n       fireworks     0.5556    0.8333    0.6667         6\n       footsteps     0.8571    1.0000    0.9231         6\n            frog     1.0000    0.6667    0.8000         6\n  glass_breaking     0.7143    0.8333    0.7692         6\n        hand_saw     0.8571    1.0000    0.9231         6\n      helicopter     0.6667    0.6667    0.6667         6\n             hen     0.7143    0.8333    0.7692         6\n         insects     0.6667    0.6667    0.6667         6\n keyboard_typing     1.0000    0.5000    0.6667         6\n        laughing     0.7500    0.5000    0.6000         6\n     mouse_click     0.8333    0.8333    0.8333         6\n             pig     0.8333    0.8333    0.8333         6\n   pouring_water     0.8571    1.0000    0.9231         6\n            rain     1.0000    0.8333    0.9091         6\n         rooster     0.7500    1.0000    0.8571         6\n       sea_waves     0.7143    0.8333    0.7692         6\n           sheep     1.0000    0.8333    0.9091         6\n           siren     0.8571    1.0000    0.9231         6\n        sneezing     0.7143    0.8333    0.7692         6\n         snoring     0.8571    1.0000    0.9231         6\n    thunderstorm     1.0000    0.8333    0.9091         6\n    toilet_flush     1.0000    1.0000    1.0000         6\n           train     0.6000    0.5000    0.5455         6\n  vacuum_cleaner     0.8333    0.8333    0.8333         6\n washing_machine     1.0000    0.5000    0.6667         6\n     water_drops     0.7500    0.5000    0.6000         6\n            wind     0.7143    0.8333    0.7692         6\n\n        accuracy                         0.7800       300\n       macro avg     0.8023    0.7800    0.7766       300\n    weighted avg     0.8023    0.7800    0.7766       300\n', 'confusion_matrix': array([[4, 0, 0, ..., 0, 0, 0],
       [0, 4, 0, ..., 0, 0, 0],
       [0, 0, 5, ..., 0, 0, 0],
       ...,
       [0, 0, 0, ..., 3, 0, 0],
       [0, 0, 0, ..., 0, 3, 0],
       [0, 0, 0, ..., 0, 0, 5]], shape=(50, 50)), 'history': {'train_loss': [3.489977922439575, 2.506351374217442, 1.9313660785130091, 1.5551808186939784, 1.2052931192943028, 0.9696876771109445, 0.8185346746444702, 0.6371063024657113, 0.4591852108069829, 0.41743543216160367, 0.36383968472480777, 0.2341525309426444, 0.19280398547649383, 0.11490596843617303, 0.1415810305731637, 0.1063248323755605, 0.10452624742473875, 0.10928404148135866, 0.05238974284912859, 0.015299413933285645, 0.007501435503363609, 0.012849798495216029, 0.015080956124833652, 0.007470318675041198, 0.0049031850881874565, 0.004218168250684227, 0.0034684703153158936, 0.0031364991702139376, 0.002768787672477109, 0.0028979024942964314, 0.0025191577723515887, 0.002288835715236408, 0.0019741017398025307, 0.0018051594156505806, 0.0018704476546762246, 0.0016444850440270134, 0.001614132391821061, 0.002480722581302481, 0.001670709957501718, 0.0014090733848778265, 0.0014759987692481704, 0.0011700796289369464, 0.0012682593766865987, 0.0011177997743444783, 0.0011365708612304712, 0.0011244129775358099, 0.0010893351205491593, 0.0011395612186087028, 0.0010641447198577224, 0.0010429541068151594, 0.001203975317267967, 0.0009774128274459924, 0.0010779477582712259, 0.0010357248670022402, 0.0011896064631374819, 0.0010194727279511945, 0.0008924408642841236, 0.0009960025997965464, 0.0010486490119780813, 0.0010006675217300654, 0.0009267799346707761, 0.0009383508689435465, 0.0012315274282757725, 0.000985711389221251, 0.0010150215029716492, 0.0010766484109418733, 0.000999720982009811, 0.0009180569555610419, 0.0008562177073742662, 0.0010625091301543373, 0.0010029890960348503, 0.0009413473634049297, 0.0008994577206405146, 0.0009852526556434376, 0.0009989338973537087, 0.0009384469105862081, 0.00103640801506117, 0.0011405473402036088, 0.0010737439311508622, 0.001097886012867093, 0.0009298670433262097, 0.0009913714998401701, 0.0009779236166338836, 0.0009044305155319827, 0.0010740416111158474, 0.0009604418414112713, 0.0008702335393588458, 0.0010187748407146761, 0.0009825127545211997, 0.0009367971401661635, 0.00101089703650879, 0.001040377308548029, 0.0010277509090623686, 0.001066283079063786, 0.0009960838886243957, 0.0010144944615396005, 0.0009752786891268833, 0.001006896617556257, 0.0011326032664094653, 0.00110695611785299, 0.0009007441897743515, 0.0010313555159206901, 0.0010858516940580947, 0.0010735239175015262, 0.000936749323404261, 0.0010805990739858576, 0.0008917104479457651, 0.0010501879300656063, 0.0010153995101739254, 0.0009037654717186732, 0.0009773872074271951, 0.0010347821350608552, 0.0008679245285955923, 0.0011025108716317586, 0.0009044697830852653, 0.0010017271183564195, 0.0010142107168212534, 0.0009853442878063237, 0.0010519756336829491, 0.0011739258311821946, 0.0010107582840802414, 0.0009454195464162954, 0.0008894738441865359, 0.001067516046709248, 0.0009612732746505312, 0.0008801618165203503, 0.0010937729850411416, 0.0008544085414281913, 0.001016655225040657, 0.0010627106271151984, 0.0009521708364731499, 0.0010873451602778264, 0.0009862398136673228, 0.0009792935256181018, 0.0009446467758555498, 0.0009369567961298994, 0.0009086606222470956, 0.0009247629164851138, 0.0009839678615597741, 0.0010551118750923446, 0.0010621404428301114, 0.0010129824500264865, 0.0010107969911769031, 0.0010230928569632983, 0.0010575603281280824, 0.0009051852294110827, 0.001085990324084248, 0.001061101967934519, 0.0010228873350258383, 0.0009602165604675455], 'train_acc': [0.135, 0.2885714285714286, 0.43714285714285717, 0.5478571428571428, 0.6378571428571429, 0.7114285714285714, 0.7507142857142857, 0.8121428571428572, 0.8621428571428571, 0.8778571428571429, 0.8928571428571429, 0.9342857142857143, 0.9528571428571428, 0.9771428571428571, 0.9642857142857143, 0.9785714285714285, 0.9721428571428572, 0.9671428571428572, 0.9928571428571429, 0.9992857142857143, 1.0, 0.9992857142857143, 0.9978571428571429, 0.9992857142857143, 1.0, 1.0, 1.0, 1.0, 1.0, 1.0, 1.0, 1.0, 1.0, 1.0, 1.0, 1.0, 1.0, 1.0, 1.0, 1.0, 1.0, 1.0, 1.0, 1.0, 1.0, 1.0, 1.0, 1.0, 1.0, 1.0, 1.0, 1.0, 1.0, 1.0, 1.0, 1.0, 1.0, 1.0, 1.0, 1.0, 1.0, 1.0, 1.0, 1.0, 1.0, 1.0, 1.0, 1.0, 1.0, 1.0, 1.0, 1.0, 1.0, 1.0, 1.0, 1.0, 1.0, 1.0, 1.0, 1.0, 1.0, 1.0, 1.0, 1.0, 1.0, 1.0, 1.0, 1.0, 1.0, 1.0, 1.0, 1.0, 1.0, 1.0, 1.0, 1.0, 1.0, 1.0, 1.0, 1.0, 1.0, 1.0, 1.0, 1.0, 1.0, 1.0, 1.0, 1.0, 1.0, 1.0, 1.0, 1.0, 1.0, 1.0, 1.0, 1.0, 1.0, 1.0, 1.0, 1.0, 1.0, 1.0, 1.0, 1.0, 1.0, 1.0, 1.0, 1.0, 1.0, 1.0, 1.0, 1.0, 1.0, 1.0, 1.0, 1.0, 1.0, 1.0, 1.0, 1.0, 1.0, 1.0, 1.0, 1.0, 1.0, 1.0, 1.0, 1.0, 1.0, 1.0], 'val_loss': [4.90717227935791, 3.225078207651774, 2.0098516686757404, 1.4617426300048828, 1.859001137415568, 1.5421033223470053, 1.7778608640034994, 1.3504406197865804, 1.1790339120229085, 1.6653438440958659, 1.2346409591039023, 1.1082829809188843, 1.1612571907043456, 1.0631335671742757, 1.1558321412404378, 1.3812334473927816, 1.1377017148335775, 1.5307179482777913, 0.83561239083608, 0.7437900590896607, 0.7553505086898804, 0.7289550956090292, 0.8092172908782959, 0.732450294494629, 0.7069950977961222, 0.7139321692784627, 0.703218871752421, 0.7161808061599731, 0.7100353908538818, 0.7119654703140259, 0.6985649458567301, 0.6952160898844401, 0.6872664721806844, 0.6788430102666219, 0.6990849192937215, 0.6757110691070557, 0.6852173598607382, 0.6946272293726603, 0.6839627265930176, 0.6897268168131511, 0.6865932321548462, 0.7088082456588745, 0.6980391454696655, 0.6920757023493449, 0.6838668966293335, 0.689682059288025, 0.6920966688791911, 0.7004490613937377, 0.6933529869715372, 0.6900740416844686, 0.6924814732869466, 0.7033673461278279, 0.69638064066569, 0.7069026327133179, 0.6930087073644002, 0.6990101273854573, 0.6955041313171386, 0.694097908337911, 0.6912901163101196, 0.7069059308369955, 0.6912597608566284, 0.6986327441533406, 0.7007171885172526, 0.7012929741541545, 0.7089249022801717, 0.6943649212519328, 0.6893583838144938, 0.6973416662216186, 0.6963440259297689, 0.6963431644439697, 0.7052259556452434, 0.6976036055882772, 0.6933552614847819, 0.6961227369308471, 0.6907283957799276, 0.6995307715733846, 0.6842412487665812, 0.7010441859563191, 0.700470666885376, 0.7000010728836059, 0.6992351547876994, 0.6954862229029337, 0.7006878995895386, 0.6991103442509969, 0.6984351619084677, 0.6915747229258219, 0.6994675493240357, 0.6951028521855672, 0.6872045866648356, 0.6971189546585083, 0.6938340711593628, 0.6891931581497193, 0.7052527284622192, 0.692740813891093, 0.6899647855758667, 0.7024336131413778, 0.6922132889429728, 0.7030785353978475, 0.6931616957982382, 0.7025773811340332, 0.699501272837321, 0.6934074131647746, 0.6928741343816122, 0.7030250374476115, 0.6901799090703329, 0.6943559344609579, 0.6980192359288534, 0.6952255010604859, 0.6948310057322185, 0.6934729766845703, 0.6967334572474162, 0.6899361944198609, 0.6951278702418009, 0.6992879819869995, 0.7003445196151733, 0.6920173676808675, 0.691594524383545, 0.6986361360549926, 0.688009041150411, 0.6970363648732504, 0.6886438862482707, 0.7018380498886109, 0.689862494468689, 0.6890300003687541, 0.6917677863438925, 0.6933212184906006, 0.6986595948537191, 0.6895011266072592, 0.6926894187927246, 0.6953736734390259, 0.6941033474604289, 0.7005666875839234, 0.6943872308731079, 0.6996692625681559, 0.6959008614222209, 0.7015457963943481, 0.6910488907496134, 0.6919307025273641, 0.689163465499878, 0.6924250888824462, 0.6946164051691691, 0.6941334374745687, 0.6872521988550822, 0.700330532391866, 0.6979355192184449, 0.6920456012090047, 0.697213724454244, 0.6958534955978394, 0.6997423458099366, 0.6921304527918498], 'val_acc': [0.14333333333333334, 0.22333333333333333, 0.44, 0.5566666666666666, 0.5, 0.5533333333333333, 0.51, 0.6033333333333334, 0.6466666666666666, 0.5433333333333333, 0.6333333333333333, 0.6866666666666666, 0.64, 0.69, 0.6733333333333333, 0.6333333333333333, 0.6933333333333334, 0.6133333333333333, 0.7633333333333333, 0.8033333333333333, 0.8033333333333333, 0.7866666666666666, 0.78, 0.8033333333333333, 0.81, 0.81, 0.8066666666666666, 0.8133333333333334, 0.8133333333333334, 0.82, 0.8033333333333333, 0.8033333333333333, 0.8, 0.8033333333333333, 0.8166666666666667, 0.82, 0.8266666666666667, 0.81, 0.82, 0.8233333333333334, 0.8233333333333334, 0.8066666666666666, 0.8166666666666667, 0.8233333333333334, 0.82, 0.82, 0.82, 0.8133333333333334, 0.82, 0.8166666666666667, 0.82, 0.8166666666666667, 0.82, 0.8166666666666667, 0.8166666666666667, 0.8133333333333334, 0.82, 0.82, 0.82, 0.83, 0.8233333333333334, 0.82, 0.82, 0.8166666666666667, 0.82, 0.8166666666666667, 0.82, 0.8233333333333334, 0.8133333333333334, 0.82, 0.8266666666666667, 0.8133333333333334, 0.8166666666666667, 0.8233333333333334, 0.8133333333333334, 0.8166666666666667, 0.8133333333333334, 0.8133333333333334, 0.8133333333333334, 0.8166666666666667, 0.82, 0.8166666666666667, 0.8233333333333334, 0.82, 0.8133333333333334, 0.81, 0.8233333333333334, 0.8166666666666667, 0.8233333333333334, 0.82, 0.82, 0.8166666666666667, 0.82, 0.82, 0.8233333333333334, 0.82, 0.81, 0.82, 0.82, 0.8233333333333334, 0.8166666666666667, 0.8166666666666667, 0.8133333333333334, 0.8166666666666667, 0.82, 0.82, 0.8266666666666667, 0.8166666666666667, 0.8066666666666666, 0.82, 0.8266666666666667, 0.82, 0.8166666666666667, 0.8166666666666667, 0.8166666666666667, 0.82, 0.8166666666666667, 0.8033333333333333, 0.8266666666666667, 0.82, 0.82, 0.8233333333333334, 0.82, 0.81, 0.8133333333333334, 0.8066666666666666, 0.82, 0.82, 0.82, 0.82, 0.8133333333333334, 0.8133333333333334, 0.8266666666666667, 0.82, 0.8233333333333334, 0.82, 0.82, 0.82, 0.8166666666666667, 0.82, 0.8233333333333334, 0.8166666666666667, 0.81, 0.82, 0.8233333333333334, 0.8166666666666667, 0.82, 0.8166666666666667, 0.82, 0.8166666666666667]}}