Summary of runs (sorted by test_acc desc):

lenet_a_base_run1_s42: test_acc=0.5767, best_val_loss=1.6823, best_epoch=14
lenet_a_base_run3_s44: test_acc=0.5600, best_val_loss=1.9300, best_epoch=12
lenet_a_base_run2_s43: test_acc=0.5533, best_val_loss=1.7918, best_epoch=12
lenet_a_base_run4_s45: test_acc=0.5167, best_val_loss=2.0548, best_epoch=11
lenet_a_base_run5_s46: test_acc=0.4933, best_val_loss=2.0865, best_epoch=13

Best overall:
{'run_name': 'lenet_a_base_run1_s42', 'best_val_loss': 1.6822985967000326, 'best_epoch': 14, 'test_acc': np.float64(0.5766666666666667), 'report': '                  precision    recall  f1-score   support\n\n        airplane     0.5000    0.3333    0.4000         6\n       breathing     0.3333    0.3333    0.3333         6\n  brushing_teeth     0.6667    0.6667    0.6667         6\n     can_opening     0.8333    0.8333    0.8333         6\n        car_horn     0.3333    0.3333    0.3333         6\n             cat     0.4444    0.6667    0.5333         6\n        chainsaw     0.8333    0.8333    0.8333         6\n  chirping_birds     0.4000    0.3333    0.3636         6\n    church_bells     1.0000    0.5000    0.6667         6\n        clapping     0.6667    1.0000    0.8000         6\n     clock_alarm     0.8000    0.6667    0.7273         6\n      clock_tick     0.5455    1.0000    0.7059         6\n        coughing     1.0000    0.6667    0.8000         6\n             cow     0.6250    0.8333    0.7143         6\n  crackling_fire     0.8000    0.6667    0.7273         6\n        crickets     1.0000    1.0000    1.0000         6\n            crow     1.0000    0.6667    0.8000         6\n     crying_baby     0.6000    0.5000    0.5455         6\n             dog     0.5000    0.5000    0.5000         6\ndoor_wood_creaks     0.4000    0.3333    0.3636         6\n door_wood_knock     0.6000    0.5000    0.5455         6\ndrinking_sipping     0.2000    0.1667    0.1818         6\n          engine     0.3750    0.5000    0.4286         6\n       fireworks     0.2500    0.3333    0.2857         6\n       footsteps     0.5000    0.5000    0.5000         6\n            frog     0.5556    0.8333    0.6667         6\n  glass_breaking     0.7500    1.0000    0.8571         6\n        hand_saw     0.6250    0.8333    0.7143         6\n      helicopter     0.1667    0.1667    0.1667         6\n             hen     0.3333    0.5000    0.4000         6\n         insects     0.6000    0.5000    0.5455         6\n keyboard_typing     0.6000    0.5000    0.5455         6\n        laughing     0.3333    0.3333    0.3333         6\n     mouse_click     0.3333    0.1667    0.2222         6\n             pig     0.5714    0.6667    0.6154         6\n   pouring_water     0.6000    0.5000    0.5455         6\n            rain     0.6000    1.0000    0.7500         6\n         rooster     1.0000    0.5000    0.6667         6\n       sea_waves     0.7143    0.8333    0.7692         6\n           sheep     0.5714    0.6667    0.6154         6\n           siren     0.5000    0.5000    0.5000         6\n        sneezing     1.0000    0.6667    0.8000         6\n         snoring     0.5714    0.6667    0.6154         6\n    thunderstorm     0.8333    0.8333    0.8333         6\n    toilet_flush     1.0000    0.8333    0.9091         6\n           train     0.5000    0.5000    0.5000         6\n  vacuum_cleaner     0.5000    0.1667    0.2500         6\n washing_machine     0.3333    0.1667    0.2222         6\n     water_drops     0.4286    0.5000    0.4615         6\n            wind     0.4000    0.3333    0.3636         6\n\n        accuracy                         0.5767       300\n       macro avg     0.5926    0.5767    0.5692       300\n    weighted avg     0.5926    0.5767    0.5692       300\n', 'confusion_matrix': array([[2, 0, 0, ..., 0, 0, 1],
       [0, 2, 0, ..., 0, 0, 1],
       [0, 0, 4, ..., 0, 0, 0],
       ...,
       [0, 0, 0, ..., 1, 0, 0],
       [0, 0, 0, ..., 0, 3, 0],
       [0, 0, 0, ..., 0, 0, 2]], shape=(50, 50)), 'history': {'train_loss': [3.8490364347185406, 3.5216308103288925, 3.1991440432412284, 2.839051174436297, 2.496294230052403, 2.250848320552281, 2.076782718385969, 1.831213961328779, 1.6423290640967232, 1.5051526015145438, 1.416971297264099, 1.2485981157847814, 1.0679806443623134, 0.9631991863250733, 0.8533576897212437, 0.8361216160229274, 0.7485425761767797, 0.6761620395524162, 0.5283960432665689, 0.44631317939077103, 0.4111083241871425, 0.38989213841302056, 0.3251343170234135, 0.30449359842709134, 0.2914222175734384, 0.2809183280808585, 0.2493039321899414, 0.24225182567323958, 0.22939605866159712, 0.2276972086940493, 0.21334101600306374, 0.2105858176095145, 0.20716754359858378, 0.20387963954891478, 0.19626360722950525, 0.19449562191963196, 0.1930606221301215, 0.19301448502710888, 0.18757063797542026, 0.18658792683056422, 0.18596828648022243, 0.18575044436114174, 0.1840060021196093, 0.18329684874841146, 0.18241277779851642, 0.18242916549955096, 0.18119775533676147, 0.18095735243388586, 0.18095202531133378, 0.1807110600386347, 0.18011406881468636, 0.18009907501084463, 0.1798739595924105, 0.17983195185661316, 0.179549714412008, 0.17946212027754102, 0.17942472900663103, 0.17935984935079302, 0.1792337999173573, 0.17922607626233783, 0.17919432895524162, 0.17915727964469363, 0.17909683368035725, 0.17907334421362195, 0.17909197883946554, 0.17905089616775513, 0.17900854791913715, 0.17900298808302198, 0.179001362153462, 0.17899408272334508, 0.17897297646318164, 0.17896859884262084, 0.178965017582689, 0.17895958610943385, 0.17895261687891825, 0.1789505124092102, 0.17894821562937327, 0.1789465065726212, 0.17894170795168196, 0.17894094109535216, 0.17894039085933142, 0.17894035296780722, 0.17893892696925573, 0.1789388518674033, 0.1789389646904809, 0.17893761251653945, 0.17893643775156567, 0.17893544384411403, 0.17893446756260736, 0.17893423914909362, 0.17893383375235966, 0.1789340432201113, 0.17893196378435408, 0.17893124597413199, 0.17893049197537558, 0.17893015146255492, 0.17892987762178694, 0.17892876676150732, 0.17892835651125227, 0.17892770545823233, 0.17892618038824626, 0.17892587125301362, 0.17892488539218904, 0.1789243048429489, 0.17892394534179143, 0.17892288344247, 0.17892159300191063, 0.17892103552818298, 0.17892047043357576, 0.17891973418848856, 0.17891885987349918, 0.1789178752047675, 0.17891639496598924, 0.1789168405532837, 0.1789160454273224, 0.1789155673980713, 0.17891432080950057, 0.17891384192875454, 0.17891304007598333, 0.17891262688807077, 0.17891162148543766, 0.17891069842236382, 0.17890943723065514, 0.17890883232866014, 0.17890822751181465, 0.17890868440270424, 0.17890874539102827, 0.17890762541975294, 0.1789054186429296, 0.17890492630856378, 0.17890288348708833, 0.17890345969370433, 0.17890278254236494, 0.17890084138938359, 0.1789005481345313, 0.17889955009732927, 0.17889880980764117, 0.17889816982405526, 0.17889706234846797, 0.17889641770294734, 0.17889644844191416, 0.178895694230284, 0.17889443865844182, 0.17889333878244673, 0.17889312258788517, 0.17889235879693713, 0.1788915811266218, 0.17889115750789641, 0.17889010616711207, 0.1788883301615715], 'train_acc': [0.03857142857142857, 0.08142857142857143, 0.15214285714285714, 0.21928571428571428, 0.3092857142857143, 0.36, 0.3942857142857143, 0.4642857142857143, 0.5257142857142857, 0.5607142857142857, 0.5892857142857143, 0.6378571428571429, 0.6778571428571428, 0.7107142857142857, 0.7435714285714285, 0.7442857142857143, 0.77, 0.7964285714285714, 0.8421428571428572, 0.86, 0.8742857142857143, 0.8907142857142857, 0.9107142857142857, 0.9114285714285715, 0.9207142857142857, 0.92, 0.9307142857142857, 0.9378571428571428, 0.9414285714285714, 0.9428571428571428, 0.9507142857142857, 0.9457142857142857, 0.9492857142857143, 0.9535714285714286, 0.9514285714285714, 0.9528571428571428, 0.9528571428571428, 0.9521428571428572, 0.955, 0.9564285714285714, 0.9564285714285714, 0.9535714285714286, 0.9585714285714285, 0.9571428571428572, 0.9578571428571429, 0.9578571428571429, 0.9585714285714285, 0.9592857142857143, 0.9578571428571429, 0.9578571428571429, 0.9585714285714285, 0.9592857142857143, 0.9592857142857143, 0.9592857142857143, 0.9592857142857143, 0.9592857142857143, 0.9592857142857143, 0.9592857142857143, 0.9592857142857143, 0.9592857142857143, 0.9592857142857143, 0.9592857142857143, 0.9592857142857143, 0.9592857142857143, 0.9592857142857143, 0.9592857142857143, 0.9592857142857143, 0.9592857142857143, 0.9592857142857143, 0.9592857142857143, 0.9592857142857143, 0.9592857142857143, 0.9592857142857143, 0.9592857142857143, 0.9592857142857143, 0.9592857142857143, 0.9592857142857143, 0.9592857142857143, 0.9592857142857143, 0.9592857142857143, 0.9592857142857143, 0.9592857142857143, 0.9592857142857143, 0.9592857142857143, 0.9592857142857143, 0.9592857142857143, 0.9592857142857143, 0.9592857142857143, 0.9592857142857143, 0.9592857142857143, 0.9592857142857143, 0.9592857142857143, 0.9592857142857143, 0.9592857142857143, 0.9592857142857143, 0.9592857142857143, 0.9592857142857143, 0.9592857142857143, 0.9592857142857143, 0.9592857142857143, 0.9592857142857143, 0.9592857142857143, 0.9592857142857143, 0.9592857142857143, 0.9592857142857143, 0.9592857142857143, 0.9592857142857143, 0.9592857142857143, 0.9592857142857143, 0.9592857142857143, 0.9592857142857143, 0.9592857142857143, 0.9592857142857143, 0.9592857142857143, 0.9592857142857143, 0.9592857142857143, 0.9592857142857143, 0.9592857142857143, 0.9592857142857143, 0.9592857142857143, 0.9592857142857143, 0.9592857142857143, 0.9592857142857143, 0.9592857142857143, 0.9592857142857143, 0.9592857142857143, 0.9592857142857143, 0.9592857142857143, 0.9592857142857143, 0.9592857142857143, 0.9592857142857143, 0.9592857142857143, 0.9592857142857143, 0.9592857142857143, 0.9592857142857143, 0.9592857142857143, 0.9592857142857143, 0.9592857142857143, 0.9592857142857143, 0.9592857142857143, 0.9592857142857143, 0.9592857142857143, 0.9592857142857143, 0.9592857142857143, 0.9592857142857143, 0.9592857142857143, 0.9592857142857143, 0.9592857142857143, 0.9592857142857143, 0.9592857142857143], 'val_loss': [3.7223658021291097, 3.323711271286011, 3.018281812667847, 2.6534608713785808, 2.4518101406097412, 2.205946575800578, 2.0336490376790364, 1.9749146366119386, 1.85029465675354, 1.7363216813405355, 1.8246007696787516, 1.7243784332275391, 1.837553742726644, 1.6822985967000326, 1.821630481084188, 1.753534361521403, 1.7351961390177408, 1.9783669344584147, 1.835681184132894, 1.7797920862833658, 1.9116648165384929, 1.8940184847513835, 1.8931645965576172, 1.9855516052246094, 1.9865049044291179, 2.0709708086649576, 2.088755594889323, 2.0525568262736003, 2.0585738118489583, 2.1025939496358235, 2.130349661509196, 2.1310050837198893, 2.155261885325114, 2.1751853624979653, 2.193486518859863, 2.1987194442749023, 2.216149730682373, 2.2224218304951986, 2.218187115987142, 2.2154251289367677, 2.226897945404053, 2.242749767303467, 2.234373861948649, 2.2388946787516275, 2.239179744720459, 2.24242945988973, 2.242497075398763, 2.2412085787455243, 2.2438359959920247, 2.24485237121582, 2.244440377553304, 2.246275513966878, 2.2461501121520997, 2.246591396331787, 2.2473288599650063, 2.2479899406433104, 2.2486452929178875, 2.2483974011739094, 2.248623701731364, 2.2485740407307944, 2.248938929239909, 2.2493422126770017, 2.249184538523356, 2.249282035827637, 2.249311408996582, 2.249306392669678, 2.249410368601481, 2.2494366200764975, 2.2494972292582194, 2.249549083709717, 2.24957285563151, 2.249621353149414, 2.2495920753479, 2.249624144236247, 2.24960994720459, 2.2496556917826336, 2.2496548144022626, 2.2496510060628254, 2.2496510251363118, 2.2496565183003745, 2.2496578725179037, 2.249665381113688, 2.2496667098999024, 2.2496617952982585, 2.2496642939249676, 2.249676024119059, 2.249673760732015, 2.2496785799662273, 2.2496791903177895, 2.249683322906494, 2.2496839586893715, 2.249692274729411, 2.249695339202881, 2.24969212214152, 2.249698085784912, 2.249699993133545, 2.249705810546875, 2.2497067006429035, 2.249714832305908, 2.2497232882181804, 2.2497291628519696, 2.2497279675801596, 2.249731140136719, 2.249736264546712, 2.249739487965902, 2.2497350120544435, 2.2497430356343586, 2.249746888478597, 2.249750150044759, 2.2497567431132, 2.2497557258605956, 2.249768543243408, 2.2497617276509603, 2.249772288004557, 2.2497669665018716, 2.249769687652588, 2.2497660891215006, 2.2497772216796874, 2.249776776631673, 2.2497882652282715, 2.2497887484232586, 2.249792391459147, 2.2498045539855958, 2.2498049545288086, 2.249804261525472, 2.249805202484131, 2.2498143259684245, 2.249808864593506, 2.2498166084289553, 2.2498254140218097, 2.2498295084635416, 2.249821656545003, 2.2498414611816404, 2.249835796356201, 2.249845854441325, 2.249844544728597, 2.2498509216308595, 2.249850940704346, 2.24985569636027, 2.2498537635803224, 2.249866002400716, 2.2498635991414386, 2.249868361155192, 2.249878387451172, 2.2498745918273926, 2.2498811531066893, 2.249886271158854, 2.2498898061116535, 2.2498812866210938, 2.2498906580607096], 'val_acc': [0.056666666666666664, 0.14, 0.17, 0.29333333333333333, 0.3333333333333333, 0.39666666666666667, 0.42333333333333334, 0.4533333333333333, 0.48333333333333334, 0.52, 0.49666666666666665, 0.52, 0.49333333333333335, 0.53, 0.5166666666666667, 0.58, 0.5533333333333333, 0.5366666666666666, 0.5766666666666667, 0.5966666666666667, 0.58, 0.59, 0.61, 0.5866666666666667, 0.6066666666666667, 0.5833333333333334, 0.58, 0.5866666666666667, 0.6, 0.6, 0.5966666666666667, 0.5933333333333334, 0.5966666666666667, 0.6, 0.59, 0.5933333333333334, 0.5833333333333334, 0.5833333333333334, 0.5966666666666667, 0.5933333333333334, 0.5866666666666667, 0.5866666666666667, 0.5866666666666667, 0.5933333333333334, 0.59, 0.59, 0.5933333333333334, 0.5933333333333334, 0.5933333333333334, 0.5933333333333334, 0.5933333333333334, 0.59, 0.5933333333333334, 0.5933333333333334, 0.5933333333333334, 0.5933333333333334, 0.59, 0.5933333333333334, 0.5933333333333334, 0.5933333333333334, 0.5933333333333334, 0.5933333333333334, 0.5933333333333334, 0.5933333333333334, 0.5933333333333334, 0.5933333333333334, 0.5933333333333334, 0.5933333333333334, 0.5933333333333334, 0.5933333333333334, 0.5933333333333334, 0.5933333333333334, 0.5933333333333334, 0.5933333333333334, 0.5933333333333334, 0.5933333333333334, 0.5933333333333334, 0.5933333333333334, 0.5933333333333334, 0.5933333333333334, 0.5933333333333334, 0.5933333333333334, 0.5933333333333334, 0.5933333333333334, 0.5933333333333334, 0.5933333333333334, 0.5933333333333334, 0.5933333333333334, 0.5933333333333334, 0.5933333333333334, 0.5933333333333334, 0.5933333333333334, 0.5933333333333334, 0.5933333333333334, 0.5933333333333334, 0.5933333333333334, 0.5933333333333334, 0.5933333333333334, 0.5933333333333334, 0.5933333333333334, 0.5933333333333334, 0.5933333333333334, 0.5933333333333334, 0.5933333333333334, 0.5933333333333334, 0.5933333333333334, 0.5933333333333334, 0.5933333333333334, 0.5933333333333334, 0.5933333333333334, 0.5933333333333334, 0.5933333333333334, 0.5933333333333334, 0.5933333333333334, 0.5933333333333334, 0.5933333333333334, 0.5933333333333334, 0.5933333333333334, 0.5933333333333334, 0.5933333333333334, 0.5933333333333334, 0.5933333333333334, 0.5933333333333334, 0.5933333333333334, 0.5933333333333334, 0.5933333333333334, 0.5933333333333334, 0.5933333333333334, 0.5933333333333334, 0.5933333333333334, 0.5933333333333334, 0.5933333333333334, 0.5933333333333334, 0.5933333333333334, 0.5933333333333334, 0.5933333333333334, 0.5933333333333334, 0.5933333333333334, 0.5933333333333334, 0.5933333333333334, 0.5933333333333334, 0.5933333333333334, 0.5933333333333334, 0.5933333333333334, 0.5933333333333334, 0.5933333333333334, 0.5933333333333334, 0.5933333333333334, 0.5933333333333334, 0.5933333333333334]}}